        0.00000        0.00000      274.29984      315.75468      309.94548
       50.00000        0.00000      105.11326      126.74779      162.73491
      100.00000        0.00000       82.65824       94.47930      119.88572
      150.00000        0.00000      156.58626      162.42058      166.17715
      200.00000        0.00000      140.30310      144.59119      147.34703
      250.00000        0.00000      142.83783      175.82961      166.24329
      300.00000        0.00000      296.99520      286.15023      316.85458
      350.00000        0.00000      235.00547      225.75438      270.21832
      400.00000        0.00000      169.81236      219.26777      238.44787
      450.00000        0.00000      247.39183      241.62175      266.48513
      500.00000        0.00000      234.88924      240.58704      240.15844
      550.00000        0.00000      238.25374      263.51412      241.67050
      600.00000        0.00000      293.88258      309.39667      296.72075
      650.00000        0.00000      237.72968      247.46373      289.20328
      700.00000        0.00000      239.78166      247.85797      241.60453
      750.00000        0.00000      263.96460      278.25541      264.89928
      800.00000        0.00000      269.02493      276.19901      239.05375
      850.00000        0.00000      259.96871      275.69342      255.05389
      900.00000        0.00000      321.31418      282.81414      295.87168
      950.00000        0.00000      274.07049      258.74983      276.16989
     1000.00000        0.00000      283.67729      262.38960      277.49519
     1050.00000        0.00000      294.52343      304.80155      262.10760
     1100.00000        0.00000      264.30157      277.54781      258.15247
     1150.00000        0.00000      282.73945      264.09198      271.68160
     1200.00000        0.00000      314.19607      296.83395      288.96998
     1250.00000        0.00000      292.43625      307.25326      285.81908
     1300.00000        0.00000      273.55396      272.92102      250.88853
     1350.00000        0.00000      303.55129      269.60429      286.70941
     1400.00000        0.00000      286.42924      273.08332      305.11811
     1450.00000        0.00000      261.26199      273.45905      282.99651
     1500.00000        0.00000      300.80501      285.09587      314.09912
     1550.00000        0.00000      288.83429      263.73798      300.61224
     1600.00000        0.00000      267.94581      271.94059      286.35041
     1650.00000        0.00000      270.39435      286.68806      252.33284
     1700.00000        0.00000      282.71006      268.77488      256.38812
     1750.00000        0.00000      291.86638      262.42235      301.10917
     1800.00000        0.00000      264.92765      302.93324      332.13911
     1850.00000        0.00000      257.00780      295.55441      314.34975
     1900.00000        0.00000      274.85709      290.74619      304.42013
     1950.00000        0.00000      258.39353      302.52229      292.31103
     2000.00000        0.00000      270.30871      267.06414      256.55476
     2050.00000        0.00000      273.71644      274.37487      292.31845
     2100.00000        0.00000      309.95327      279.50181      310.54492
     2150.00000        0.00000      276.18137      301.54566      286.82382
     2200.00000        0.00000      268.69255      294.42195      284.53253
     2250.00000        0.00000      273.67905      292.95827      290.41315
     2300.00000        0.00000      297.78381      280.36524      292.43976
     2350.00000        0.00000      291.14548      282.67394      304.60838
     2400.00000        0.00000      290.04300      290.85192      319.10508
     2450.00000        0.00000      294.39948      234.28809      275.48503
     2500.00000        0.00000      295.74036      263.90451      252.95237
     2550.00000        0.00000      287.91347      290.98245      279.62446
     2600.00000        0.00000      271.47975      291.67526      267.06847
     2650.00000        0.00000      265.94237      281.83314      256.42621
     2700.00000        0.00000      280.14751      342.42923      277.42326
     2750.00000        0.00000      257.06430      304.14302      242.95597
     2800.00000        0.00000      265.50662      279.91029      279.99225
     2850.00000        0.00000      263.45999      288.82554      271.89414
     2900.00000        0.00000      273.16237      290.35963      277.39615
     2950.00000        0.00000      293.10551      259.29699      271.59149
     3000.00000        0.00000      284.01785      295.72723      320.25492
     3050.00000        0.00000      282.47967      270.80240      312.43055
     3100.00000        0.00000      279.49715      283.49565      286.11250
     3150.00000        0.00000      261.69285      274.37702      298.31307
     3200.00000        0.00000      297.59213      279.58849      279.11021
     3250.00000        0.00000      287.42199      279.62227      291.51192
     3300.00000        0.00000      268.58674      297.57495      296.76460
     3350.00000        0.00000      308.77428      262.34718      239.01854
     3400.00000        0.00000      278.66970      248.11993      261.57839
     3450.00000        0.00000      309.31174      327.89495      296.85734
     3500.00000        0.00000      278.50717      308.31608      300.84442
     3550.00000        0.00000      259.99052      257.57804      319.49156
     3600.00000        0.00000      297.49571      260.78799      325.74218
     3650.00000        0.00000      281.99784      285.16915      306.37390
     3700.00000        0.00000      294.99849      307.04208      289.64523
     3750.00000        0.00000      258.44765      267.61755      281.89243
     3800.00000        0.00000      287.85469      258.56747      262.27074
     3850.00000        0.00000      292.86779      285.51631      278.57617
     3900.00000        0.00000      275.13032      288.63087      313.32953
     3950.00000        0.00000      282.19465      306.00494      308.68417
     4000.00000        0.00000      267.51659      295.20093      300.23359
     4050.00000        0.00000      300.97541      287.03216      289.89879
     4100.00000        0.00000      271.23492      299.55277      272.66965
     4150.00000        0.00000      277.18102      284.53693      286.49954
     4200.00000        0.00000      285.86602      277.43222      327.29576
     4250.00000        0.00000      275.28444      268.63863      328.72428
     4300.00000        0.00000      269.13090      276.25784      290.50527
     4350.00000        0.00000      270.96081      296.51248      264.20436
     4400.00000        0.00000      292.66561      276.35046      275.91792
     4450.00000        0.00000      254.30217      278.88793      306.07980
     4500.00000        0.00000      302.54355      288.04626      304.74438
     4550.00000        0.00000      285.36591      261.64300      290.07707
     4600.00000        0.00000      267.40825      270.33902      292.04546
     4650.00000        0.00000      321.15263      272.00620      304.87742
     4700.00000        0.00000      280.96313      293.32460      297.66455
     4750.00000        0.00000      297.19662      305.62464      275.62157
     4800.00000        0.00000      283.16390      263.64613      276.13152
     4850.00000        0.00000      281.55506      285.05569      281.26098
     4900.00000        0.00000      295.17351      296.73825      286.05942
     4950.00000        0.00000      273.04694      326.93082      257.53407
     5000.00000        0.00000      289.31110      327.71105      244.75209
     5050.00000        0.00000      258.34534      261.21016      294.93795
     5100.00000        0.00000      264.94730      283.62309      308.61476
     5149.50000        0.00000      258.48106      294.56284      309.17117
     5199.50000        0.00000      258.48106      294.56284      309.17117
     5249.50000        0.00000      258.48106      294.56284      309.17117
     5299.50000        0.00000      258.48106      294.56284      309.17117
     5349.50000        0.00000      258.48106      294.56284      309.17117
     5399.50000        0.00000      258.48106      294.56284      309.17117
     5449.50000        0.00000      258.48106      294.56284      309.17117
     5499.50000        0.00000      258.48106      294.56284      309.17117
     5549.50000        0.00000      258.48106      294.56284      309.17117
     5599.50000        0.00000      258.48106      294.56284      309.17117
     5649.50000        0.00000      258.48106      294.56284      309.17117
     5699.50000        0.00000      258.48106      294.56284      309.17117
     5749.50000        0.00000      258.48106      294.56284      309.17117
     5799.50000        0.00000      258.48106      294.56284      309.17117
     5849.50000        0.00000      258.48106      294.56284      309.17117
     5899.50000        0.00000      258.48106      294.56284      309.17117
     5949.50000        0.00000      258.48106      294.56284      309.17117
     5999.50000        0.00000      258.48106      294.56284      309.17117
     6049.50000        0.00000      258.48106      294.56284      309.17117
     6099.50000        0.00000      258.48106      294.56284      309.17117
     6149.50000        0.00000      258.48106      294.56284      309.17117
     6199.50000        0.00000      258.48106      294.56284      309.17117
     6249.50000        0.00000      258.48106      294.56284      309.17117
     6299.50000        0.00000      258.48106      294.56284      309.17117
     6349.50000        0.00000      258.48106      294.56284      309.17117
     6399.50000        0.00000      258.48106      294.56284      309.17117
     6449.50000        0.00000      258.48106      294.56284      309.17117
     6499.50000        0.00000      258.48106      294.56284      309.17117
     6549.50000        0.00000      258.48106      294.56284      309.17117
     6599.50000        0.00000      258.48106      294.56284      309.17117
     6649.50000        0.00000      258.48106      294.56284      309.17117
     6699.50000        0.00000      258.48106      294.56284      309.17117
     6749.50000        0.00000      258.48106      294.56284      309.17117
     6799.50000        0.00000      258.48106      294.56284      309.17117
     6849.50000        0.00000      258.48106      294.56284      309.17117
     6899.50000        0.00000      258.48106      294.56284      309.17117
     6949.50000        0.00000      258.48106      294.56284      309.17117
     6999.50000        0.00000      258.48106      294.56284      309.17117
     7049.50000        0.00000      258.48106      294.56284      309.17117
     7099.50000        0.00000      258.48106      294.56284      309.17117
     7149.50000        0.00000      258.48106      294.56284      309.17117
     7199.50000        0.00000      258.48106      294.56284      309.17117
     7249.50000        0.00000      258.48106      294.56284      309.17117
     7299.50000        0.00000      258.48106      294.56284      309.17117
     7349.50000        0.00000      258.48106      294.56284      309.17117
     7399.50000        0.00000      258.48106      294.56284      309.17117
     7449.50000        0.00000      258.48106      294.56284      309.17117
     7499.50000        0.00000      258.48106      294.56284      309.17117
     7549.50000        0.00000      258.48106      294.56284      309.17117
     7599.50000        0.00000      258.48106      294.56284      309.17117
     7649.50000        0.00000      258.48106      294.56284      309.17117
     7699.50000        0.00000      258.48106      294.56284      309.17117
     7749.50000        0.00000      258.48106      294.56284      309.17117
     7799.50000        0.00000      258.48106      294.56284      309.17117
     7849.50000        0.00000      258.48106      294.56284      309.17117
     7899.50000        0.00000      258.48106      294.56284      309.17117
     7949.50000        0.00000      258.48106      294.56284      309.17117
     7999.50000        0.00000      258.48106      294.56284      309.17117
     8049.50000        0.00000      258.48106      294.56284      309.17117
     8099.50000        0.00000      258.48106      294.56284      309.17117
     8149.50000        0.00000      258.48106      294.56284      309.17117
     8199.50000        0.00000      258.48106      294.56284      309.17117
     8249.50000        0.00000      258.48106      294.56284      309.17117
     8299.50000        0.00000      258.48106      294.56284      309.17117
     8349.50000        0.00000      258.48106      294.56284      309.17117
     8399.50000        0.00000      258.48106      294.56284      309.17117
     8449.50000        0.00000      258.48106      294.56284      309.17117
     8499.50000        0.00000      258.48106      294.56284      309.17117
     8549.50000        0.00000      258.48106      294.56284      309.17117
     8599.50000        0.00000      258.48106      294.56284      309.17117
     8649.50000        0.00000      258.48106      294.56284      309.17117
     8699.50000        0.00000      258.48106      294.56284      309.17117
     8749.50000        0.00000      258.48106      294.56284      309.17117
     8799.50000        0.00000      258.48106      294.56284      309.17117
     8849.50000        0.00000      258.48106      294.56284      309.17117
     8899.50000        0.00000      258.48106      294.56284      309.17117
     8949.50000        0.00000      258.48106      294.56284      309.17117
     8999.50000        0.00000      258.48106      294.56284      309.17117
     9049.50000        0.00000      258.48106      294.56284      309.17117
     9099.50000        0.00000      258.48106      294.56284      309.17117
     9149.50000        0.00000      258.48106      294.56284      309.17117
     9199.50000        0.00000      258.48106      294.56284      309.17117
     9249.50000        0.00000      258.48106      294.56284      309.17117
     9299.50000        0.00000      258.48106      294.56284      309.17117
     9349.50000        0.00000      258.48106      294.56284      309.17117
     9399.50000        0.00000      258.48106      294.56284      309.17117
     9449.50000        0.00000      258.48106      294.56284      309.17117
     9499.50000        0.00000      258.48106      294.56284      309.17117
     9549.50000        0.00000      258.48106      294.56284      309.17117
     9599.50000        0.00000      258.48106      294.56284      309.17117
     9649.50000        0.00000      258.48106      294.56284      309.17117
     9699.50000        0.00000      258.48106      294.56284      309.17117
     9749.50000        0.00000      258.48106      294.56284      309.17117
     9799.50000        0.00000      258.48106      294.56284      309.17117
     9849.50000        0.00000      258.48106      294.56284      309.17117
     9899.50000        0.00000      258.48106      294.56284      309.17117
     9949.50000        0.00000      258.48106      294.56284      309.17117
     9999.50000        0.00000      258.48106      294.56284      309.17117
    10049.50000        0.00000      258.48106      294.56284      309.17117
    10099.50000        0.00000      258.48106      294.56284      309.17117
    10149.50000        0.00000      258.48106      294.56284      309.17117
    10199.50000        0.00000      258.48106      294.56284      309.17117
    10249.50000        0.00000      258.48106      294.56284      309.17117
    10299.50000        0.00000      258.48106      294.56284      309.17117
    10349.50000        0.00000      258.48106      294.56284      309.17117
    10399.50000        0.00000      258.48106      294.56284      309.17117
    10449.50000        0.00000      258.48106      294.56284      309.17117
    10499.50000        0.00000      258.48106      294.56284      309.17117
    10549.50000        0.00000      258.48106      294.56284      309.17117
    10599.50000        0.00000      258.48106      294.56284      309.17117
    10649.50000        0.00000      258.48106      294.56284      309.17117
    10699.50000        0.00000      258.48106      294.56284      309.17117
    10749.50000        0.00000      258.48106      294.56284      309.17117
    10799.50000        0.00000      258.48106      294.56284      309.17117
    10849.50000        0.00000      258.48106      294.56284      309.17117
    10899.50000        0.00000      258.48106      294.56284      309.17117
    10949.50000        0.00000      258.48106      294.56284      309.17117
    10999.50000        0.00000      258.48106      294.56284      309.17117
    11049.50000        0.00000      258.48106      294.56284      309.17117
    11099.50000        0.00000      258.48106      294.56284      309.17117
    11149.50000        0.00000      258.48106      294.56284      309.17117
    11199.50000        0.00000      258.48106      294.56284      309.17117
    11249.50000        0.00000      258.48106      294.56284      309.17117
    11299.50000        0.00000      258.48106      294.56284      309.17117
    11349.50000        0.00000      258.48106      294.56284      309.17117
    11399.50000        0.00000      258.48106      294.56284      309.17117
    11449.50000        0.00000      258.48106      294.56284      309.17117
    11499.50000        0.00000      258.48106      294.56284      309.17117
    11549.50000        0.00000      258.48106      294.56284      309.17117
    11599.50000        0.00000      258.48106      294.56284      309.17117
    11649.50000        0.00000      258.48106      294.56284      309.17117
    11699.50000        0.00000      258.48106      294.56284      309.17117
    11749.50000        0.00000      258.48106      294.56284      309.17117
    11799.50000        0.00000      258.48106      294.56284      309.17117
    11849.50000        0.00000      258.48106      294.56284      309.17117
    11899.50000        0.00000      258.48106      294.56284      309.17117
    11949.50000        0.00000      258.48106      294.56284      309.17117
    11999.50000        0.00000      258.48106      294.56284      309.17117
    12049.50000        0.00000      258.48106      294.56284      309.17117
    12099.50000        0.00000      258.48106      294.56284      309.17117
    12149.50000        0.00000      258.48106      294.56284      309.17117
    12199.50000        0.00000      258.48106      294.56284      309.17117
    12249.50000        0.00000      258.48106      294.56284      309.17117
    12299.50000        0.00000      258.48106      294.56284      309.17117
    12349.50000        0.00000      258.48106      294.56284      309.17117
    12399.50000        0.00000      258.48106      294.56284      309.17117
    12449.50000        0.00000      258.48106      294.56284      309.17117
    12499.50000        0.00000      258.48106      294.56284      309.17117
    12549.50000        0.00000      258.48106      294.56284      309.17117
    12599.50000        0.00000      258.48106      294.56284      309.17117
    12649.50000        0.00000      258.48106      294.56284      309.17117
    12699.50000        0.00000      258.48106      294.56284      309.17117
    12749.50000        0.00000      258.48106      294.56284      309.17117
    12799.50000        0.00000      258.48106      294.56284      309.17117
    12849.50000        0.00000      258.48106      294.56284      309.17117
    12899.50000        0.00000      258.48106      294.56284      309.17117
    12949.50000        0.00000      258.48106      294.56284      309.17117
