        0.00000        0.00000        0.00000       15.00000
       50.00000        0.00000        0.00000       15.00000
      100.00000        0.00000        0.00000       15.00000
      150.00000        0.00000        0.00000       15.00000
      200.00000        0.00000        0.00000       15.00000
      250.00000        0.00000        0.00000       15.00000
 
 
      300.00000        0.00000        0.00000       15.00000
      350.00000        0.00000        0.00000       15.00000
      400.00000        0.00000        0.00000       15.00000
      450.00000        0.00000        0.00000       15.00000
      500.00000        0.00000        0.00000       15.00000
      550.00000        0.00000        0.00000       15.00000
 
 
      600.00000        0.00000        0.00000       15.00000
      650.00000        0.00000        0.00000       15.00000
      700.00000        0.00000        0.00000       15.00000
      750.00000        0.00000        0.00000       15.00000
      800.00000        0.00000        0.00000       15.00000
      850.00000        0.00000        0.00000       15.00000
 
 
      900.00000        0.00000        0.00000       15.00000
      950.00000        0.00000        0.00000       15.00000
     1000.00000        0.00000        0.00000       15.00000
     1050.00000        0.00000        0.00000       15.00000
     1100.00000        0.00000        0.00000       15.00000
     1150.00000        0.00000        0.00000       15.00000
 
 
     1200.00000        0.00000        0.00000       15.00000
     1250.00000        0.00000        0.00000       15.00000
     1300.00000        0.00000        0.00000       15.00000
     1350.00000        0.00000        0.00000       15.00000
     1400.00000        0.00000        0.00000       15.00000
     1450.00000        0.00000        0.00000       15.00000
 
 
     1500.00000        0.00000        0.00000       15.00000
     1550.00000        0.00000        0.00000       15.00000
     1600.00000        0.00000        0.00000       15.00000
     1650.00000        0.00000        0.00000       15.00000
     1700.00000        0.00000        0.00000       15.00000
     1750.00000        0.00000        0.00000       15.00000
 
 
     1800.00000        0.00000        0.00000       15.00000
     1850.00000        0.00000        0.00000       15.00000
     1900.00000        0.00000        0.00000       15.00000
     1950.00000        0.00000        0.00000       15.00000
     2000.00000        0.00000        0.00000       15.00000
     2050.00000        0.00000        0.00000       15.00000
 
 
     2100.00000        0.00000        0.00000       15.00000
     2150.00000        0.00000        0.00000       15.00000
     2200.00000        0.00000        0.00000       15.00000
     2250.00000        0.00000        0.00000       15.00000
     2300.00000        0.00000        0.00000       15.00000
     2350.00000        0.00000        0.00000       15.00000
 
 
     2400.00000        0.00000        0.00000       15.00000
     2450.00000        0.00000        0.00000       15.00000
     2500.00000        0.00000        0.00000       15.00000
     2550.00000        0.00000        0.00000       15.00000
     2600.00000        0.00000        0.00000       15.00000
     2650.00000        0.00000        0.00000       15.00000
 
 
     2700.00000        0.00000        0.00000       15.00000
     2750.00000        0.00000        0.00000       15.00000
     2800.00000        0.00000        0.00000       15.00000
     2850.00000        0.00000        0.00000       15.00000
     2900.00000        0.00000        0.00000       15.00000
     2950.00000        0.00000        0.00000       15.00000
 
 
     3000.00000        0.83518        3.29433        9.92484
     3050.00000        0.83518        3.30065        9.08260
     3100.00000        0.83518        3.28484        8.24300
     3150.00000        0.83518        3.25987        7.40449
     3200.00000        0.83518        3.25153        6.56400
     3250.00000        0.83519        3.26989        5.72034
     3300.00000        0.83521        3.29392        4.87607
     3350.00000        0.83536        3.30161        4.03339
     3400.00000        0.83657        3.28537        3.18454
     3450.00000        0.86230        3.24651        2.31707
     3500.00000        1.10322        3.23289        1.76069
     3550.00000        1.36616        3.22342        1.78195
     3600.00000        1.16714        3.31103        1.86643
     3650.00000        0.90810        3.47038        1.97138
     3700.00000        0.75688        3.67944        1.95978
     3750.00000        0.63677        3.83022        1.95941
     3800.00000        0.53563        3.99286        2.12205
     3850.00000        0.34763        4.09407        2.25062
     3900.00000        0.10466        4.16680        2.26408
     3950.00000       -0.21603        4.17940        2.18027
     4000.00000       -0.58618        4.11481        1.93237
     4050.00000       -0.84871        4.04029        1.85141
     4100.00000       -1.22068        3.90352        2.36562
     4150.00000       -1.68604        3.82263        2.91390
     4200.00000       -2.16266        3.74442        3.36438
     4250.00000       -2.68438        3.66279        3.78633
     4300.00000       -3.25999        3.60488        4.21654
     4350.00000       -3.87197        3.59056        4.65911
     4400.00000       -4.49382        3.61221        5.10559
     4450.00000       -5.11682        3.64685        5.55251
     4500.00000       -5.75004        3.70304        6.00404
     4550.00000       -6.38593        3.81111        6.45763
     4600.00000       -6.99926        3.97994        6.90275
     4650.00000       -7.57176        4.19007        7.33126
     4700.00000       -8.11128        4.41181        7.74595
     4750.00000       -8.63886        4.63562        8.15558
     4800.00000       -9.14564        4.87141        8.55658
     4850.00000       -9.60390        5.11079        8.93698
     4900.00000      -10.00618        5.32638        9.29307
     4950.00000      -10.37087        5.49850        9.63233
     5000.00000      -10.72524        5.63595        9.96653
     5050.00000      -11.07735        5.76091       10.29953
     5100.00000      -11.41796        5.86258       10.62719
     5149.50000      -11.72838        5.88600       10.92244
     5199.50000      -11.72838        5.88600       10.92244
     5249.50000      -11.72838        5.88600       10.92244
     5299.50000      -11.72838        5.88600       10.92244
     5349.50000      -11.72838        5.88600       10.92244
     5399.50000      -11.72838        5.88600       10.92244
     5449.50000      -11.72838        5.88600       10.92244
     5499.50000      -11.72838        5.88600       10.92244
     5549.50000      -11.72838        5.88600       10.92244
     5599.50000      -11.72838        5.88600       10.92244
     5649.50000      -11.72838        5.88600       10.92244
     5699.50000      -11.72838        5.88600       10.92244
     5749.50000      -11.72838        5.88600       10.92244
     5799.50000      -11.72838        5.88600       10.92244
     5849.50000      -11.72838        5.88600       10.92244
     5899.50000      -11.72838        5.88600       10.92244
     5949.50000      -11.72838        5.88600       10.92244
     5999.50000      -11.72838        5.88600       10.92244
     6049.50000      -11.72838        5.88600       10.92244
     6099.50000      -11.72838        5.88600       10.92244
     6149.50000      -11.72838        5.88600       10.92244
     6199.50000      -11.72838        5.88600       10.92244
     6249.50000      -11.72838        5.88600       10.92244
     6299.50000      -11.72838        5.88600       10.92244
     6349.50000      -11.72838        5.88600       10.92244
     6399.50000      -11.72838        5.88600       10.92244
     6449.50000      -11.72838        5.88600       10.92244
     6499.50000      -11.72838        5.88600       10.92244
     6549.50000      -11.72838        5.88600       10.92244
     6599.50000      -11.72838        5.88600       10.92244
     6649.50000      -11.72838        5.88600       10.92244
     6699.50000      -11.72838        5.88600       10.92244
     6749.50000      -11.72838        5.88600       10.92244
     6799.50000      -11.72838        5.88600       10.92244
     6849.50000      -11.72838        5.88600       10.92244
     6899.50000      -11.72838        5.88600       10.92244
     6949.50000      -11.72838        5.88600       10.92244
     6999.50000      -11.72838        5.88600       10.92244
     7049.50000      -11.72838        5.88600       10.92244
     7099.50000      -11.72838        5.88600       10.92244
     7149.50000      -11.72838        5.88600       10.92244
     7199.50000      -11.72838        5.88600       10.92244
     7249.50000      -11.72838        5.88600       10.92244
     7299.50000      -11.72838        5.88600       10.92244
     7349.50000      -11.72838        5.88600       10.92244
     7399.50000      -11.72838        5.88600       10.92244
     7449.50000      -11.72838        5.88600       10.92244
     7499.50000      -11.72838        5.88600       10.92244
     7549.50000      -11.72838        5.88600       10.92244
     7599.50000      -11.72838        5.88600       10.92244
     7649.50000      -11.72838        5.88600       10.92244
     7699.50000      -11.72838        5.88600       10.92244
     7749.50000      -11.72838        5.88600       10.92244
     7799.50000      -11.72838        5.88600       10.92244
     7849.50000      -11.72838        5.88600       10.92244
     7899.50000      -11.72838        5.88600       10.92244
     7949.50000      -11.72838        5.88600       10.92244
     7999.50000      -11.72838        5.88600       10.92244
     8049.50000      -11.72838        5.88600       10.92244
     8099.50000      -11.72838        5.88600       10.92244
     8149.50000      -11.72838        5.88600       10.92244
     8199.50000      -11.72838        5.88600       10.92244
     8249.50000      -11.72838        5.88600       10.92244
     8299.50000      -11.72838        5.88600       10.92244
     8349.50000      -11.72838        5.88600       10.92244
     8399.50000      -11.72838        5.88600       10.92244
     8449.50000      -11.72838        5.88600       10.92244
     8499.50000      -11.72838        5.88600       10.92244
     8549.50000      -11.72838        5.88600       10.92244
     8599.50000      -11.72838        5.88600       10.92244
     8649.50000      -11.72838        5.88600       10.92244
     8699.50000      -11.72838        5.88600       10.92244
     8749.50000      -11.72838        5.88600       10.92244
     8799.50000      -11.72838        5.88600       10.92244
     8849.50000      -11.72838        5.88600       10.92244
     8899.50000      -11.72838        5.88600       10.92244
     8949.50000      -11.72838        5.88600       10.92244
     8999.50000      -11.72838        5.88600       10.92244
     9049.50000      -11.72838        5.88600       10.92244
     9099.50000      -11.72838        5.88600       10.92244
     9149.50000      -11.72838        5.88600       10.92244
     9199.50000      -11.72838        5.88600       10.92244
     9249.50000      -11.72838        5.88600       10.92244
     9299.50000      -11.72838        5.88600       10.92244
     9349.50000      -11.72838        5.88600       10.92244
     9399.50000      -11.72838        5.88600       10.92244
     9449.50000      -11.72838        5.88600       10.92244
     9499.50000      -11.72838        5.88600       10.92244
     9549.50000      -11.72838        5.88600       10.92244
     9599.50000      -11.72838        5.88600       10.92244
     9649.50000      -11.72838        5.88600       10.92244
     9699.50000      -11.72838        5.88600       10.92244
     9749.50000      -11.72838        5.88600       10.92244
     9799.50000      -11.72838        5.88600       10.92244
     9849.50000      -11.72838        5.88600       10.92244
     9899.50000      -11.72838        5.88600       10.92244
     9949.50000      -11.72838        5.88600       10.92244
     9999.50000      -11.72838        5.88600       10.92244
    10049.50000      -11.72838        5.88600       10.92244
    10099.50000      -11.72838        5.88600       10.92244
    10149.50000      -11.72838        5.88600       10.92244
    10199.50000      -11.72838        5.88600       10.92244
    10249.50000      -11.72838        5.88600       10.92244
    10299.50000      -11.72838        5.88600       10.92244
    10349.50000      -11.72838        5.88600       10.92244
    10399.50000      -11.72838        5.88600       10.92244
    10449.50000      -11.72838        5.88600       10.92244
    10499.50000      -11.72838        5.88600       10.92244
    10549.50000      -11.72838        5.88600       10.92244
    10599.50000      -11.72838        5.88600       10.92244
    10649.50000      -11.72838        5.88600       10.92244
    10699.50000      -11.72838        5.88600       10.92244
    10749.50000      -11.72838        5.88600       10.92244
    10799.50000      -11.72838        5.88600       10.92244
    10849.50000      -11.72838        5.88600       10.92244
    10899.50000      -11.72838        5.88600       10.92244
    10949.50000      -11.72838        5.88600       10.92244
    10999.50000      -11.72838        5.88600       10.92244
    11049.50000      -11.72838        5.88600       10.92244
    11099.50000      -11.72838        5.88600       10.92244
    11149.50000      -11.72838        5.88600       10.92244
    11199.50000      -11.72838        5.88600       10.92244
    11249.50000      -11.72838        5.88600       10.92244
    11299.50000      -11.72838        5.88600       10.92244
    11349.50000      -11.72838        5.88600       10.92244
    11399.50000      -11.72838        5.88600       10.92244
    11449.50000      -11.72838        5.88600       10.92244
    11499.50000      -11.72838        5.88600       10.92244
    11549.50000      -11.72838        5.88600       10.92244
    11599.50000      -11.72838        5.88600       10.92244
    11649.50000      -11.72838        5.88600       10.92244
    11699.50000      -11.72838        5.88600       10.92244
    11749.50000      -11.72838        5.88600       10.92244
    11799.50000      -11.72838        5.88600       10.92244
    11849.50000      -11.72838        5.88600       10.92244
    11899.50000      -11.72838        5.88600       10.92244
    11949.50000      -11.72838        5.88600       10.92244
    11999.50000      -11.72838        5.88600       10.92244
    12049.50000      -11.72838        5.88600       10.92244
    12099.50000      -11.72838        5.88600       10.92244
    12149.50000      -11.72838        5.88600       10.92244
    12199.50000      -11.72838        5.88600       10.92244
    12249.50000      -11.72838        5.88600       10.92244
    12299.50000      -11.72838        5.88600       10.92244
    12349.50000      -11.72838        5.88600       10.92244
    12399.50000      -11.72838        5.88600       10.92244
    12449.50000      -11.72838        5.88600       10.92244
    12499.50000      -11.72838        5.88600       10.92244
    12549.50000      -11.72838        5.88600       10.92244
    12599.50000      -11.72838        5.88600       10.92244
    12649.50000      -11.72838        5.88600       10.92244
    12699.50000      -11.72838        5.88600       10.92244
    12749.50000      -11.72838        5.88600       10.92244
    12799.50000      -11.72838        5.88600       10.92244
    12849.50000      -11.72838        5.88600       10.92244
    12899.50000      -11.72838        5.88600       10.92244
    12949.50000      -11.72838        5.88600       10.92244
 
 
