        0.00000        1.15077        0.00000       15.61374        0.00000        0.00000        0.00000        0.00000
       50.00000        1.15077        0.00000       15.61374        0.00000        0.00000        0.00000       -0.00000
      100.00000        1.15077        0.00000       15.61374        0.00000        0.00000        0.00000        0.00000
      150.00000        1.15077        0.00000       15.61374        0.00000        0.00000        0.00000        0.00000
      200.00000        1.15077        0.00000       15.61374        0.00000        0.00000        0.00000        0.00000
      250.00000        1.15077        0.00000       15.61374        0.00000        0.00000        0.00000        0.00000
 
 
      300.00000        1.15077        0.00000       15.61374        0.00000        0.00000        0.00000        0.00000
      350.00000        1.15077        0.00000       15.61374        0.00000        0.00000        0.00000       -0.00000
      400.00000        1.15077        0.00000       15.61374        0.00000        0.00000        0.00000       -0.00000
      450.00000        1.15077        0.00000       15.61374        0.00000        0.00000        0.00000        0.00000
      500.00000        1.15077        0.00000       15.61374        0.00000        0.00000        0.00000        0.00000
      550.00000        1.15077        0.00000       15.61374        0.00000        0.00000        0.00000       -0.00000
 
 
      600.00000        1.15077        0.00000       15.61374        0.00000        0.00000        0.00000        0.00000
      650.00000        1.15077        0.00000       15.61374        0.00000        0.00000        0.00000       -0.00000
      700.00000        1.15077        0.00000       15.61374        0.00000        0.00000        0.00000        0.00000
      750.00000        1.15077        0.00000       15.61374        0.00000        0.00000        0.00000        0.00000
      800.00000        1.15077        0.00000       15.61374        0.00000        0.00000        0.00000        0.00000
      850.00000        1.15077        0.00000       15.61374        0.00000        0.00000        0.00000        0.00000
 
 
      900.00000        1.15077        0.00000       15.61374        0.00000        0.00000        0.00000        0.00000
      950.00000        1.15077        0.00000       15.61374        0.00000        0.00000        0.00000        0.00000
     1000.00000        1.15077        0.00000       15.61374        0.00000        0.00000        0.00000       -0.00000
     1050.00000        1.15077        0.00000       15.61374        0.00000        0.00000        0.00000       -0.00000
     1100.00000        1.15077        0.00000       15.61374        0.00000        0.00000        0.00000        0.00000
     1150.00000        1.15077        0.00000       15.61374        0.00000        0.00000        0.00000       -0.00000
 
 
     1200.00000        1.15077        0.00000       15.61374        0.00000        0.00000        0.00000       -0.00000
     1250.00000        1.15077        0.00000       15.61374        0.00000        0.00000        0.00000       -0.00000
     1300.00000        1.15077        0.00000       15.61374        0.00000        0.00000        0.00000       -0.00000
     1350.00000        1.15077        0.00000       15.61374        0.00000        0.00000        0.00000       -0.00000
     1400.00000        1.15077        0.00000       15.61374        0.00000        0.00000        0.00000       -0.00000
     1450.00000        1.15077        0.00000       15.61374        0.00000        0.00000        0.00000        0.00000
 
 
     1500.00000        1.15077        0.00000       15.61374        0.00000        0.00000        0.00000       -0.00000
     1550.00000        1.15077        0.00000       15.61374        0.00000        0.00000        0.00000       -0.00000
     1600.00000        1.15077        0.00000       15.61374        0.00000        0.00000        0.00000       -0.00000
     1650.00000        1.15077        0.00000       15.61374        0.00000        0.00000        0.00000        0.00000
     1700.00000        1.15077        0.00000       15.61374        0.00000        0.00000        0.00000        0.00000
     1750.00000        1.15077        0.00000       15.61374        0.00000        0.00000        0.00000       -0.00000
 
 
     1800.00000        1.15077        0.00000       15.61374        0.00000        0.00000        0.00000        0.00000
     1850.00000        1.15077        0.00000       15.61374        0.00000        0.00000        0.00000       -0.00000
     1900.00000        1.15077        0.00000       15.61374        0.00000        0.00000        0.00000       -0.00000
     1950.00000        1.15077        0.00000       15.61374        0.00000        0.00000        0.00000        0.00000
     2000.00000        1.15077        0.00000       15.61374        0.00000        0.00000        0.00000        0.00000
     2050.00000        1.15077        0.00000       15.61374        0.00000        0.00000        0.00000       -0.00000
 
 
     2100.00000        1.15077        0.00000       15.61374        0.00000        0.00000        0.00000        0.00000
     2150.00000        1.15077        0.00000       15.61374        0.00000        0.00000        0.00000        0.00000
     2200.00000        1.15077        0.00000       15.61374        0.00000        0.00000        0.00000        0.00000
     2250.00000        1.15077        0.00000       15.61374        0.00000        0.00000        0.00000       -0.00000
     2300.00000        1.15077        0.00000       15.61374        0.00000        0.00000        0.00000       -0.00000
     2350.00000        1.15077        0.00000       15.61374        0.00000        0.00000        0.00000       -0.00000
 
 
     2400.00000        1.15077        0.00000       15.61374        0.00000        0.00000        0.00000        0.00000
     2450.00000        1.15077        0.00000       15.61374        0.00000        0.00000        0.00000        0.00000
     2500.00000        1.15077        0.00000       15.61374        0.00000        0.00000        0.00000        0.00000
     2550.00000        1.15077        0.00000       15.61374        0.00000        0.00000        0.00000        0.00000
     2600.00000        1.15077        0.00000       15.61374        0.00000        0.00000        0.00000       -0.00000
     2650.00000        1.15077        0.00000       15.61374        0.00000        0.00000        0.00000        0.00000
 
 
     2700.00000        1.15077        0.00000       15.61374        0.00000        0.00000        0.00000        0.00000
     2750.00000        1.15077        0.00000       15.61374        0.00000        0.00000        0.00000        0.00000
     2800.00000        1.15077        0.00000       15.61374        0.00000        0.00000        0.00000       -0.00000
     2850.00000        1.15077        0.00000       15.61374        0.00000        0.00000        0.00000        0.00000
     2900.00000        1.15077        0.00000       15.61374        0.00000        0.00000        0.00000       -0.00000
     2950.00000        1.15077        0.00000       15.61374        0.00000        0.00000        0.00000        0.00000
 
 
     3000.00000        1.18837       83.18965       10.00000     3935.99142     3551.56640      384.42502       -0.00000
     3050.00000        1.20030       83.18965        9.15851     3589.38453     3551.56642       37.81811        0.00000
     3100.00000        1.17044       83.18966        8.31702     4298.69860     3551.56746      747.13114        0.00000
     3150.00000        1.12329       83.18975        7.47553     4119.04427     3551.58336      567.46091        0.00000
     3200.00000        1.10753       83.19075        6.63404     3605.36259     3551.75435       53.60824        0.00000
     3250.00000        1.14218       83.19968        5.79247     4415.23772     3553.22612      862.01136        0.00024
     3300.00000        1.18735       83.26197        4.95037     3975.03839     3563.37124      411.65845        0.00870
     3350.00000        1.20094       83.56508        4.10517     3647.89329     3615.22916       32.53679        0.12734
     3400.00000        1.16924       84.01888        3.24952     4497.02022     3697.15416      799.76034        0.10572
     3450.00000        1.11949       76.55052        2.45594     2239.26373     1986.62319       16.94551      235.69502
     3500.00000        1.22332       47.18812        2.20408     1440.55451      807.65356      159.50504      473.39592
     3550.00000        1.13588       17.87095        2.35852     1664.69202      852.65323      291.71953      520.31927
     3600.00000        1.20656       23.01083        2.45873     1773.06435      811.77790      370.81273      590.47373
     3650.00000        1.17252       53.82979        2.34045     2156.97434      943.22925      814.72150      399.02359
     3700.00000        1.13711       66.28975        2.20364      887.04550      338.68339      485.54374       62.81837
     3750.00000        1.21685       40.64267        2.45185     1375.89309      909.33953        0.02568      466.52788
     3800.00000        1.14135       12.07042        2.71731     1938.90433      835.90104      716.78834      386.21496
     3850.00000        1.12667       14.33441        2.83280     1539.92466      770.45814      479.68859      289.77792
     3900.00000        1.19846       35.07219        2.78720     1395.62697      914.60136      300.81894      180.20667
     3950.00000        1.19007       52.15986        2.56964     1966.38473     1294.40684      564.32047      107.65742
     4000.00000        1.12278       62.96207        2.20458     1432.22513     1389.10769       12.88476       30.23268
     4050.00000        1.22249       67.66772        2.09915     1274.53241     1084.12117       69.00903      121.40221
     4100.00000        1.14709       70.49883        2.56985     3662.97200     2777.62232      760.06063      125.28904
     4150.00000        1.11523       70.32797        3.11413     2834.08969     2495.26073      219.60359      119.22537
     4200.00000        1.16498       69.55314        3.58143     3125.65718     2190.42526      827.71012      107.52179
     4250.00000        1.20015       70.13844        4.00380     2229.80199     2063.45392       65.60836      100.73971
     4300.00000        1.19006       72.52834        4.40710     2467.96598     2014.24002      350.45919      103.26676
     4350.00000        1.14518       76.41402        4.80258     2984.51002     1994.53550      877.40168      112.57284
     4400.00000        1.10833       81.32724        5.19473     2182.80610     1986.17607       75.66668      120.96336
     4450.00000        1.12246       86.85223        5.58538     2640.96829     1982.48264      540.11808      118.36757
     4500.00000        1.17001       92.63335        5.97537     2846.34983     1980.88153      756.33340      109.13490
     4550.00000        1.20053       98.31171        6.36507     2122.71730     1980.22460       38.75929      103.73341
     4600.00000        1.18833      103.51265        6.75467     2477.61826     1979.96547      391.74953      105.90326
     4650.00000        1.14308      107.86791        7.14421     2960.36974     1979.86467      866.03966      114.46541
     4700.00000        1.10779      111.04926        7.53374     2156.20327     1979.82577       54.49963      121.87787
     4750.00000        1.12393      112.80269        7.92327     2675.09123     1979.81163      576.87719      118.40241
     4800.00000        1.17169      112.96263        8.31279     2820.63105     1979.80712      731.87651      108.94742
     4850.00000        1.20088      111.49373        8.70231     2110.91722     1979.80585       27.39651      103.71485
     4900.00000        1.18710      108.53335        9.09183     2508.76888     1979.80555      422.82626      106.13707
     4950.00000        1.14128      104.36161        9.48135     2947.51297     1979.80549      852.87775      114.82972
     5000.00000        1.10737       99.32128        9.87087     2139.20203     1979.80549       37.42682      121.96972
     5050.00000        1.12543       93.73862       10.26039     2709.65921     1979.80549      611.76559      118.08813
     5100.00000        1.17333       87.91932       10.64991     2794.65990     1979.80549      706.21144      108.64297
     5149.50000        1.15502       82.72218       11.00048     2977.72677     1979.80549      885.80715      112.11414
     5199.50000        1.15502       82.72218       11.00048     2977.72677     1979.80549      885.80715      112.11414
     5249.50000        1.15502       82.72218       11.00048     2977.72677     1979.80549      885.80715      112.11414
     5299.50000        1.15502       82.72218       11.00048     2977.72677     1979.80549      885.80715      112.11414
     5349.50000        1.15502       82.72218       11.00048     2977.72677     1979.80549      885.80715      112.11414
     5399.50000        1.15502       82.72218       11.00048     2977.72677     1979.80549      885.80715      112.11414
     5449.50000        1.15502       82.72218       11.00048     2977.72677     1979.80549      885.80715      112.11414
     5499.50000        1.15502       82.72218       11.00048     2977.72677     1979.80549      885.80715      112.11414
     5549.50000        1.15502       82.72218       11.00048     2977.72677     1979.80549      885.80715      112.11414
     5599.50000        1.15502       82.72218       11.00048     2977.72677     1979.80549      885.80715      112.11414
     5649.50000        1.15502       82.72218       11.00048     2977.72677     1979.80549      885.80715      112.11414
     5699.50000        1.15502       82.72218       11.00048     2977.72677     1979.80549      885.80715      112.11414
     5749.50000        1.15502       82.72218       11.00048     2977.72677     1979.80549      885.80715      112.11414
     5799.50000        1.15502       82.72218       11.00048     2977.72677     1979.80549      885.80715      112.11414
     5849.50000        1.15502       82.72218       11.00048     2977.72677     1979.80549      885.80715      112.11414
     5899.50000        1.15502       82.72218       11.00048     2977.72677     1979.80549      885.80715      112.11414
     5949.50000        1.15502       82.72218       11.00048     2977.72677     1979.80549      885.80715      112.11414
     5999.50000        1.15502       82.72218       11.00048     2977.72677     1979.80549      885.80715      112.11414
     6049.50000        1.15502       82.72218       11.00048     2977.72677     1979.80549      885.80715      112.11414
     6099.50000        1.15502       82.72218       11.00048     2977.72677     1979.80549      885.80715      112.11414
     6149.50000        1.15502       82.72218       11.00048     2977.72677     1979.80549      885.80715      112.11414
     6199.50000        1.15502       82.72218       11.00048     2977.72677     1979.80549      885.80715      112.11414
     6249.50000        1.15502       82.72218       11.00048     2977.72677     1979.80549      885.80715      112.11414
     6299.50000        1.15502       82.72218       11.00048     2977.72677     1979.80549      885.80715      112.11414
     6349.50000        1.15502       82.72218       11.00048     2977.72677     1979.80549      885.80715      112.11414
     6399.50000        1.15502       82.72218       11.00048     2977.72677     1979.80549      885.80715      112.11414
     6449.50000        1.15502       82.72218       11.00048     2977.72677     1979.80549      885.80715      112.11414
     6499.50000        1.15502       82.72218       11.00048     2977.72677     1979.80549      885.80715      112.11414
     6549.50000        1.15502       82.72218       11.00048     2977.72677     1979.80549      885.80715      112.11414
     6599.50000        1.15502       82.72218       11.00048     2977.72677     1979.80549      885.80715      112.11414
     6649.50000        1.15502       82.72218       11.00048     2977.72677     1979.80549      885.80715      112.11414
     6699.50000        1.15502       82.72218       11.00048     2977.72677     1979.80549      885.80715      112.11414
     6749.50000        1.15502       82.72218       11.00048     2977.72677     1979.80549      885.80715      112.11414
     6799.50000        1.15502       82.72218       11.00048     2977.72677     1979.80549      885.80715      112.11414
     6849.50000        1.15502       82.72218       11.00048     2977.72677     1979.80549      885.80715      112.11414
     6899.50000        1.15502       82.72218       11.00048     2977.72677     1979.80549      885.80715      112.11414
     6949.50000        1.15502       82.72218       11.00048     2977.72677     1979.80549      885.80715      112.11414
     6999.50000        1.15502       82.72218       11.00048     2977.72677     1979.80549      885.80715      112.11414
     7049.50000        1.15502       82.72218       11.00048     2977.72677     1979.80549      885.80715      112.11414
     7099.50000        1.15502       82.72218       11.00048     2977.72677     1979.80549      885.80715      112.11414
     7149.50000        1.15502       82.72218       11.00048     2977.72677     1979.80549      885.80715      112.11414
     7199.50000        1.15502       82.72218       11.00048     2977.72677     1979.80549      885.80715      112.11414
     7249.50000        1.15502       82.72218       11.00048     2977.72677     1979.80549      885.80715      112.11414
     7299.50000        1.15502       82.72218       11.00048     2977.72677     1979.80549      885.80715      112.11414
     7349.50000        1.15502       82.72218       11.00048     2977.72677     1979.80549      885.80715      112.11414
     7399.50000        1.15502       82.72218       11.00048     2977.72677     1979.80549      885.80715      112.11414
     7449.50000        1.15502       82.72218       11.00048     2977.72677     1979.80549      885.80715      112.11414
     7499.50000        1.15502       82.72218       11.00048     2977.72677     1979.80549      885.80715      112.11414
     7549.50000        1.15502       82.72218       11.00048     2977.72677     1979.80549      885.80715      112.11414
     7599.50000        1.15502       82.72218       11.00048     2977.72677     1979.80549      885.80715      112.11414
     7649.50000        1.15502       82.72218       11.00048     2977.72677     1979.80549      885.80715      112.11414
     7699.50000        1.15502       82.72218       11.00048     2977.72677     1979.80549      885.80715      112.11414
     7749.50000        1.15502       82.72218       11.00048     2977.72677     1979.80549      885.80715      112.11414
     7799.50000        1.15502       82.72218       11.00048     2977.72677     1979.80549      885.80715      112.11414
     7849.50000        1.15502       82.72218       11.00048     2977.72677     1979.80549      885.80715      112.11414
     7899.50000        1.15502       82.72218       11.00048     2977.72677     1979.80549      885.80715      112.11414
     7949.50000        1.15502       82.72218       11.00048     2977.72677     1979.80549      885.80715      112.11414
     7999.50000        1.15502       82.72218       11.00048     2977.72677     1979.80549      885.80715      112.11414
     8049.50000        1.15502       82.72218       11.00048     2977.72677     1979.80549      885.80715      112.11414
     8099.50000        1.15502       82.72218       11.00048     2977.72677     1979.80549      885.80715      112.11414
     8149.50000        1.15502       82.72218       11.00048     2977.72677     1979.80549      885.80715      112.11414
     8199.50000        1.15502       82.72218       11.00048     2977.72677     1979.80549      885.80715      112.11414
     8249.50000        1.15502       82.72218       11.00048     2977.72677     1979.80549      885.80715      112.11414
     8299.50000        1.15502       82.72218       11.00048     2977.72677     1979.80549      885.80715      112.11414
     8349.50000        1.15502       82.72218       11.00048     2977.72677     1979.80549      885.80715      112.11414
     8399.50000        1.15502       82.72218       11.00048     2977.72677     1979.80549      885.80715      112.11414
     8449.50000        1.15502       82.72218       11.00048     2977.72677     1979.80549      885.80715      112.11414
     8499.50000        1.15502       82.72218       11.00048     2977.72677     1979.80549      885.80715      112.11414
     8549.50000        1.15502       82.72218       11.00048     2977.72677     1979.80549      885.80715      112.11414
     8599.50000        1.15502       82.72218       11.00048     2977.72677     1979.80549      885.80715      112.11414
     8649.50000        1.15502       82.72218       11.00048     2977.72677     1979.80549      885.80715      112.11414
     8699.50000        1.15502       82.72218       11.00048     2977.72677     1979.80549      885.80715      112.11414
     8749.50000        1.15502       82.72218       11.00048     2977.72677     1979.80549      885.80715      112.11414
     8799.50000        1.15502       82.72218       11.00048     2977.72677     1979.80549      885.80715      112.11414
     8849.50000        1.15502       82.72218       11.00048     2977.72677     1979.80549      885.80715      112.11414
     8899.50000        1.15502       82.72218       11.00048     2977.72677     1979.80549      885.80715      112.11414
     8949.50000        1.15502       82.72218       11.00048     2977.72677     1979.80549      885.80715      112.11414
     8999.50000        1.15502       82.72218       11.00048     2977.72677     1979.80549      885.80715      112.11414
     9049.50000        1.15502       82.72218       11.00048     2977.72677     1979.80549      885.80715      112.11414
     9099.50000        1.15502       82.72218       11.00048     2977.72677     1979.80549      885.80715      112.11414
     9149.50000        1.15502       82.72218       11.00048     2977.72677     1979.80549      885.80715      112.11414
     9199.50000        1.15502       82.72218       11.00048     2977.72677     1979.80549      885.80715      112.11414
     9249.50000        1.15502       82.72218       11.00048     2977.72677     1979.80549      885.80715      112.11414
     9299.50000        1.15502       82.72218       11.00048     2977.72677     1979.80549      885.80715      112.11414
     9349.50000        1.15502       82.72218       11.00048     2977.72677     1979.80549      885.80715      112.11414
     9399.50000        1.15502       82.72218       11.00048     2977.72677     1979.80549      885.80715      112.11414
     9449.50000        1.15502       82.72218       11.00048     2977.72677     1979.80549      885.80715      112.11414
     9499.50000        1.15502       82.72218       11.00048     2977.72677     1979.80549      885.80715      112.11414
     9549.50000        1.15502       82.72218       11.00048     2977.72677     1979.80549      885.80715      112.11414
     9599.50000        1.15502       82.72218       11.00048     2977.72677     1979.80549      885.80715      112.11414
     9649.50000        1.15502       82.72218       11.00048     2977.72677     1979.80549      885.80715      112.11414
     9699.50000        1.15502       82.72218       11.00048     2977.72677     1979.80549      885.80715      112.11414
     9749.50000        1.15502       82.72218       11.00048     2977.72677     1979.80549      885.80715      112.11414
     9799.50000        1.15502       82.72218       11.00048     2977.72677     1979.80549      885.80715      112.11414
     9849.50000        1.15502       82.72218       11.00048     2977.72677     1979.80549      885.80715      112.11414
     9899.50000        1.15502       82.72218       11.00048     2977.72677     1979.80549      885.80715      112.11414
     9949.50000        1.15502       82.72218       11.00048     2977.72677     1979.80549      885.80715      112.11414
     9999.50000        1.15502       82.72218       11.00048     2977.72677     1979.80549      885.80715      112.11414
    10049.50000        1.15502       82.72218       11.00048     2977.72677     1979.80549      885.80715      112.11414
    10099.50000        1.15502       82.72218       11.00048     2977.72677     1979.80549      885.80715      112.11414
    10149.50000        1.15502       82.72218       11.00048     2977.72677     1979.80549      885.80715      112.11414
    10199.50000        1.15502       82.72218       11.00048     2977.72677     1979.80549      885.80715      112.11414
    10249.50000        1.15502       82.72218       11.00048     2977.72677     1979.80549      885.80715      112.11414
    10299.50000        1.15502       82.72218       11.00048     2977.72677     1979.80549      885.80715      112.11414
    10349.50000        1.15502       82.72218       11.00048     2977.72677     1979.80549      885.80715      112.11414
    10399.50000        1.15502       82.72218       11.00048     2977.72677     1979.80549      885.80715      112.11414
    10449.50000        1.15502       82.72218       11.00048     2977.72677     1979.80549      885.80715      112.11414
    10499.50000        1.15502       82.72218       11.00048     2977.72677     1979.80549      885.80715      112.11414
    10549.50000        1.15502       82.72218       11.00048     2977.72677     1979.80549      885.80715      112.11414
    10599.50000        1.15502       82.72218       11.00048     2977.72677     1979.80549      885.80715      112.11414
    10649.50000        1.15502       82.72218       11.00048     2977.72677     1979.80549      885.80715      112.11414
    10699.50000        1.15502       82.72218       11.00048     2977.72677     1979.80549      885.80715      112.11414
    10749.50000        1.15502       82.72218       11.00048     2977.72677     1979.80549      885.80715      112.11414
    10799.50000        1.15502       82.72218       11.00048     2977.72677     1979.80549      885.80715      112.11414
    10849.50000        1.15502       82.72218       11.00048     2977.72677     1979.80549      885.80715      112.11414
    10899.50000        1.15502       82.72218       11.00048     2977.72677     1979.80549      885.80715      112.11414
    10949.50000        1.15502       82.72218       11.00048     2977.72677     1979.80549      885.80715      112.11414
    10999.50000        1.15502       82.72218       11.00048     2977.72677     1979.80549      885.80715      112.11414
    11049.50000        1.15502       82.72218       11.00048     2977.72677     1979.80549      885.80715      112.11414
    11099.50000        1.15502       82.72218       11.00048     2977.72677     1979.80549      885.80715      112.11414
    11149.50000        1.15502       82.72218       11.00048     2977.72677     1979.80549      885.80715      112.11414
    11199.50000        1.15502       82.72218       11.00048     2977.72677     1979.80549      885.80715      112.11414
    11249.50000        1.15502       82.72218       11.00048     2977.72677     1979.80549      885.80715      112.11414
    11299.50000        1.15502       82.72218       11.00048     2977.72677     1979.80549      885.80715      112.11414
    11349.50000        1.15502       82.72218       11.00048     2977.72677     1979.80549      885.80715      112.11414
    11399.50000        1.15502       82.72218       11.00048     2977.72677     1979.80549      885.80715      112.11414
    11449.50000        1.15502       82.72218       11.00048     2977.72677     1979.80549      885.80715      112.11414
    11499.50000        1.15502       82.72218       11.00048     2977.72677     1979.80549      885.80715      112.11414
    11549.50000        1.15502       82.72218       11.00048     2977.72677     1979.80549      885.80715      112.11414
    11599.50000        1.15502       82.72218       11.00048     2977.72677     1979.80549      885.80715      112.11414
    11649.50000        1.15502       82.72218       11.00048     2977.72677     1979.80549      885.80715      112.11414
    11699.50000        1.15502       82.72218       11.00048     2977.72677     1979.80549      885.80715      112.11414
    11749.50000        1.15502       82.72218       11.00048     2977.72677     1979.80549      885.80715      112.11414
    11799.50000        1.15502       82.72218       11.00048     2977.72677     1979.80549      885.80715      112.11414
    11849.50000        1.15502       82.72218       11.00048     2977.72677     1979.80549      885.80715      112.11414
    11899.50000        1.15502       82.72218       11.00048     2977.72677     1979.80549      885.80715      112.11414
    11949.50000        1.15502       82.72218       11.00048     2977.72677     1979.80549      885.80715      112.11414
    11999.50000        1.15502       82.72218       11.00048     2977.72677     1979.80549      885.80715      112.11414
    12049.50000        1.15502       82.72218       11.00048     2977.72677     1979.80549      885.80715      112.11414
    12099.50000        1.15502       82.72218       11.00048     2977.72677     1979.80549      885.80715      112.11414
    12149.50000        1.15502       82.72218       11.00048     2977.72677     1979.80549      885.80715      112.11414
    12199.50000        1.15502       82.72218       11.00048     2977.72677     1979.80549      885.80715      112.11414
    12249.50000        1.15502       82.72218       11.00048     2977.72677     1979.80549      885.80715      112.11414
    12299.50000        1.15502       82.72218       11.00048     2977.72677     1979.80549      885.80715      112.11414
    12349.50000        1.15502       82.72218       11.00048     2977.72677     1979.80549      885.80715      112.11414
    12399.50000        1.15502       82.72218       11.00048     2977.72677     1979.80549      885.80715      112.11414
    12449.50000        1.15502       82.72218       11.00048     2977.72677     1979.80549      885.80715      112.11414
    12499.50000        1.15502       82.72218       11.00048     2977.72677     1979.80549      885.80715      112.11414
    12549.50000        1.15502       82.72218       11.00048     2977.72677     1979.80549      885.80715      112.11414
    12599.50000        1.15502       82.72218       11.00048     2977.72677     1979.80549      885.80715      112.11414
    12649.50000        1.15502       82.72218       11.00048     2977.72677     1979.80549      885.80715      112.11414
    12699.50000        1.15502       82.72218       11.00048     2977.72677     1979.80549      885.80715      112.11414
    12749.50000        1.15502       82.72218       11.00048     2977.72677     1979.80549      885.80715      112.11414
    12799.50000        1.15502       82.72218       11.00048     2977.72677     1979.80549      885.80715      112.11414
    12849.50000        1.15502       82.72218       11.00048     2977.72677     1979.80549      885.80715      112.11414
    12899.50000        1.15502       82.72218       11.00048     2977.72677     1979.80549      885.80715      112.11414
    12949.50000        1.15502       82.72218       11.00048     2977.72677     1979.80549      885.80715      112.11414
 
 
