        0.00000        0.00000        0.00000       16.15077
       50.00000        0.00000        0.00000       16.15077
      100.00000        0.00000        0.00000       16.15077
      150.00000        0.00000        0.00000       16.15077
      200.00000        0.00000        0.00000       16.15077
      250.00000        0.00000        0.00000       16.15077
 
 
      300.00000        0.00000        0.00000       16.15077
      350.00000        0.00000        0.00000       16.15077
      400.00000        0.00000        0.00000       16.15077
      450.00000        0.00000        0.00000       16.15077
      500.00000        0.00000        0.00000       16.15077
      550.00000        0.00000        0.00000       16.15077
 
 
      600.00000        0.00000        0.00000       16.15077
      650.00000        0.00000        0.00000       16.15077
      700.00000        0.00000        0.00000       16.15077
      750.00000        0.00000        0.00000       16.15077
      800.00000        0.00000        0.00000       16.15077
      850.00000        0.00000        0.00000       16.15077
 
 
      900.00000        0.00000        0.00000       16.15077
      950.00000        0.00000        0.00000       16.15077
     1000.00000        0.00000        0.00000       16.15077
     1050.00000        0.00000        0.00000       16.15077
     1100.00000        0.00000        0.00000       16.15077
     1150.00000        0.00000        0.00000       16.15077
 
 
     1200.00000        0.00000        0.00000       16.15077
     1250.00000        0.00000        0.00000       16.15077
     1300.00000        0.00000        0.00000       16.15077
     1350.00000        0.00000        0.00000       16.15077
     1400.00000        0.00000        0.00000       16.15077
     1450.00000        0.00000        0.00000       16.15077
 
 
     1500.00000        0.00000        0.00000       16.15077
     1550.00000        0.00000        0.00000       16.15077
     1600.00000        0.00000        0.00000       16.15077
     1650.00000        0.00000        0.00000       16.15077
     1700.00000        0.00000        0.00000       16.15077
     1750.00000        0.00000        0.00000       16.15077
 
 
     1800.00000        0.00000        0.00000       16.15077
     1850.00000        0.00000        0.00000       16.15077
     1900.00000        0.00000        0.00000       16.15077
     1950.00000        0.00000        0.00000       16.15077
     2000.00000        0.00000        0.00000       16.15077
     2050.00000        0.00000        0.00000       16.15077
 
 
     2100.00000        0.00000        0.00000       16.15077
     2150.00000        0.00000        0.00000       16.15077
     2200.00000        0.00000        0.00000       16.15077
     2250.00000        0.00000        0.00000       16.15077
     2300.00000        0.00000        0.00000       16.15077
     2350.00000        0.00000        0.00000       16.15077
 
 
     2400.00000        0.00000        0.00000       16.15077
     2450.00000        0.00000        0.00000       16.15077
     2500.00000        0.00000        0.00000       16.15077
     2550.00000        0.00000        0.00000       16.15077
     2600.00000        0.00000        0.00000       16.15077
     2650.00000        0.00000        0.00000       16.15077
 
 
     2700.00000        0.00000        0.00000       16.15077
     2750.00000        0.00000        0.00000       16.15077
     2800.00000        0.00000        0.00000       16.15077
     2850.00000        0.00000        0.00000       16.15077
     2900.00000        0.00000        0.00000       16.15077
     2950.00000        0.00000        0.00000       16.15077
 
 
     3000.00000        0.83518        2.11435       10.06576
     3050.00000        0.83518        2.10882        9.22493
     3100.00000        0.83518        2.12266        8.38179
     3150.00000        0.83518        2.14450        7.53769
     3200.00000        0.83518        2.15181        6.69532
     3250.00000        0.83518        2.13575        5.85558
     3300.00000        0.83515        2.11477        5.01538
     3350.00000        0.83514        2.10824        4.16798
     3400.00000        0.83802        2.12249        3.30638
     3450.00000        0.88919        2.15805        2.57745
     3500.00000        1.13233        2.33594        2.59205
     3550.00000        1.40042        2.87653        2.86303
     3600.00000        1.59454        3.51050        2.97699
     3650.00000        1.61972        4.09450        2.66339
     3700.00000        1.46254        4.44494        2.41702
     3750.00000        1.13325        4.44803        2.88274
     3800.00000        0.62209        4.21532        3.23816
     3850.00000        0.10211        3.96168        3.34221
     3900.00000       -0.41057        3.70988        3.24493
     3950.00000       -0.87051        3.50490        2.91034
     4000.00000       -1.26941        3.38452        2.44276
     4050.00000       -1.74837        3.35524        2.31593
     4100.00000       -2.23620        3.53217        2.74855
     4150.00000       -2.73304        3.74159        3.28933
     4200.00000       -3.23355        3.95596        3.77135
     4250.00000       -3.69165        4.17221        4.19408
     4300.00000       -4.10102        4.36728        4.57384
     4350.00000       -4.47829        4.52408        4.92812
     4400.00000       -4.84699        4.64939        5.27272
     4450.00000       -5.21477        4.76333        5.61414
     4500.00000       -5.57364        4.85843        5.95028
     4550.00000       -5.93019        4.90813        6.28409
     4600.00000       -6.30649        4.90466        6.62509
     4650.00000       -6.71851        4.86505        6.98054
     4700.00000       -7.15939        4.81527        7.34806
     4750.00000       -7.61072        4.76369        7.71999
     4800.00000       -8.08024        4.70164        8.09947
     4850.00000       -8.59223        4.63643        8.49697
     4900.00000       -9.15320        4.59205        8.91574
     4950.00000       -9.74705        4.58569        9.34924
     5000.00000      -10.34994        4.60967        9.78717
     5050.00000      -10.95481        4.64459       10.22614
     5100.00000      -11.56973        4.69989       10.66979
     5149.50000      -12.11978        4.80922       11.06876
     5199.50000      -12.11978        4.80922       11.06876
     5249.50000      -12.11978        4.80922       11.06876
     5299.50000      -12.11978        4.80922       11.06876
     5349.50000      -12.11978        4.80922       11.06876
     5399.50000      -12.11978        4.80922       11.06876
     5449.50000      -12.11978        4.80922       11.06876
     5499.50000      -12.11978        4.80922       11.06876
     5549.50000      -12.11978        4.80922       11.06876
     5599.50000      -12.11978        4.80922       11.06876
     5649.50000      -12.11978        4.80922       11.06876
     5699.50000      -12.11978        4.80922       11.06876
     5749.50000      -12.11978        4.80922       11.06876
     5799.50000      -12.11978        4.80922       11.06876
     5849.50000      -12.11978        4.80922       11.06876
     5899.50000      -12.11978        4.80922       11.06876
     5949.50000      -12.11978        4.80922       11.06876
     5999.50000      -12.11978        4.80922       11.06876
     6049.50000      -12.11978        4.80922       11.06876
     6099.50000      -12.11978        4.80922       11.06876
     6149.50000      -12.11978        4.80922       11.06876
     6199.50000      -12.11978        4.80922       11.06876
     6249.50000      -12.11978        4.80922       11.06876
     6299.50000      -12.11978        4.80922       11.06876
     6349.50000      -12.11978        4.80922       11.06876
     6399.50000      -12.11978        4.80922       11.06876
     6449.50000      -12.11978        4.80922       11.06876
     6499.50000      -12.11978        4.80922       11.06876
     6549.50000      -12.11978        4.80922       11.06876
     6599.50000      -12.11978        4.80922       11.06876
     6649.50000      -12.11978        4.80922       11.06876
     6699.50000      -12.11978        4.80922       11.06876
     6749.50000      -12.11978        4.80922       11.06876
     6799.50000      -12.11978        4.80922       11.06876
     6849.50000      -12.11978        4.80922       11.06876
     6899.50000      -12.11978        4.80922       11.06876
     6949.50000      -12.11978        4.80922       11.06876
     6999.50000      -12.11978        4.80922       11.06876
     7049.50000      -12.11978        4.80922       11.06876
     7099.50000      -12.11978        4.80922       11.06876
     7149.50000      -12.11978        4.80922       11.06876
     7199.50000      -12.11978        4.80922       11.06876
     7249.50000      -12.11978        4.80922       11.06876
     7299.50000      -12.11978        4.80922       11.06876
     7349.50000      -12.11978        4.80922       11.06876
     7399.50000      -12.11978        4.80922       11.06876
     7449.50000      -12.11978        4.80922       11.06876
     7499.50000      -12.11978        4.80922       11.06876
     7549.50000      -12.11978        4.80922       11.06876
     7599.50000      -12.11978        4.80922       11.06876
     7649.50000      -12.11978        4.80922       11.06876
     7699.50000      -12.11978        4.80922       11.06876
     7749.50000      -12.11978        4.80922       11.06876
     7799.50000      -12.11978        4.80922       11.06876
     7849.50000      -12.11978        4.80922       11.06876
     7899.50000      -12.11978        4.80922       11.06876
     7949.50000      -12.11978        4.80922       11.06876
     7999.50000      -12.11978        4.80922       11.06876
     8049.50000      -12.11978        4.80922       11.06876
     8099.50000      -12.11978        4.80922       11.06876
     8149.50000      -12.11978        4.80922       11.06876
     8199.50000      -12.11978        4.80922       11.06876
     8249.50000      -12.11978        4.80922       11.06876
     8299.50000      -12.11978        4.80922       11.06876
     8349.50000      -12.11978        4.80922       11.06876
     8399.50000      -12.11978        4.80922       11.06876
     8449.50000      -12.11978        4.80922       11.06876
     8499.50000      -12.11978        4.80922       11.06876
     8549.50000      -12.11978        4.80922       11.06876
     8599.50000      -12.11978        4.80922       11.06876
     8649.50000      -12.11978        4.80922       11.06876
     8699.50000      -12.11978        4.80922       11.06876
     8749.50000      -12.11978        4.80922       11.06876
     8799.50000      -12.11978        4.80922       11.06876
     8849.50000      -12.11978        4.80922       11.06876
     8899.50000      -12.11978        4.80922       11.06876
     8949.50000      -12.11978        4.80922       11.06876
     8999.50000      -12.11978        4.80922       11.06876
     9049.50000      -12.11978        4.80922       11.06876
     9099.50000      -12.11978        4.80922       11.06876
     9149.50000      -12.11978        4.80922       11.06876
     9199.50000      -12.11978        4.80922       11.06876
     9249.50000      -12.11978        4.80922       11.06876
     9299.50000      -12.11978        4.80922       11.06876
     9349.50000      -12.11978        4.80922       11.06876
     9399.50000      -12.11978        4.80922       11.06876
     9449.50000      -12.11978        4.80922       11.06876
     9499.50000      -12.11978        4.80922       11.06876
     9549.50000      -12.11978        4.80922       11.06876
     9599.50000      -12.11978        4.80922       11.06876
     9649.50000      -12.11978        4.80922       11.06876
     9699.50000      -12.11978        4.80922       11.06876
     9749.50000      -12.11978        4.80922       11.06876
     9799.50000      -12.11978        4.80922       11.06876
     9849.50000      -12.11978        4.80922       11.06876
     9899.50000      -12.11978        4.80922       11.06876
     9949.50000      -12.11978        4.80922       11.06876
     9999.50000      -12.11978        4.80922       11.06876
    10049.50000      -12.11978        4.80922       11.06876
    10099.50000      -12.11978        4.80922       11.06876
    10149.50000      -12.11978        4.80922       11.06876
    10199.50000      -12.11978        4.80922       11.06876
    10249.50000      -12.11978        4.80922       11.06876
    10299.50000      -12.11978        4.80922       11.06876
    10349.50000      -12.11978        4.80922       11.06876
    10399.50000      -12.11978        4.80922       11.06876
    10449.50000      -12.11978        4.80922       11.06876
    10499.50000      -12.11978        4.80922       11.06876
    10549.50000      -12.11978        4.80922       11.06876
    10599.50000      -12.11978        4.80922       11.06876
    10649.50000      -12.11978        4.80922       11.06876
    10699.50000      -12.11978        4.80922       11.06876
    10749.50000      -12.11978        4.80922       11.06876
    10799.50000      -12.11978        4.80922       11.06876
    10849.50000      -12.11978        4.80922       11.06876
    10899.50000      -12.11978        4.80922       11.06876
    10949.50000      -12.11978        4.80922       11.06876
    10999.50000      -12.11978        4.80922       11.06876
    11049.50000      -12.11978        4.80922       11.06876
    11099.50000      -12.11978        4.80922       11.06876
    11149.50000      -12.11978        4.80922       11.06876
    11199.50000      -12.11978        4.80922       11.06876
    11249.50000      -12.11978        4.80922       11.06876
    11299.50000      -12.11978        4.80922       11.06876
    11349.50000      -12.11978        4.80922       11.06876
    11399.50000      -12.11978        4.80922       11.06876
    11449.50000      -12.11978        4.80922       11.06876
    11499.50000      -12.11978        4.80922       11.06876
    11549.50000      -12.11978        4.80922       11.06876
    11599.50000      -12.11978        4.80922       11.06876
    11649.50000      -12.11978        4.80922       11.06876
    11699.50000      -12.11978        4.80922       11.06876
    11749.50000      -12.11978        4.80922       11.06876
    11799.50000      -12.11978        4.80922       11.06876
    11849.50000      -12.11978        4.80922       11.06876
    11899.50000      -12.11978        4.80922       11.06876
    11949.50000      -12.11978        4.80922       11.06876
    11999.50000      -12.11978        4.80922       11.06876
    12049.50000      -12.11978        4.80922       11.06876
    12099.50000      -12.11978        4.80922       11.06876
    12149.50000      -12.11978        4.80922       11.06876
    12199.50000      -12.11978        4.80922       11.06876
    12249.50000      -12.11978        4.80922       11.06876
    12299.50000      -12.11978        4.80922       11.06876
    12349.50000      -12.11978        4.80922       11.06876
    12399.50000      -12.11978        4.80922       11.06876
    12449.50000      -12.11978        4.80922       11.06876
    12499.50000      -12.11978        4.80922       11.06876
    12549.50000      -12.11978        4.80922       11.06876
    12599.50000      -12.11978        4.80922       11.06876
    12649.50000      -12.11978        4.80922       11.06876
    12699.50000      -12.11978        4.80922       11.06876
    12749.50000      -12.11978        4.80922       11.06876
    12799.50000      -12.11978        4.80922       11.06876
    12849.50000      -12.11978        4.80922       11.06876
    12899.50000      -12.11978        4.80922       11.06876
    12949.50000      -12.11978        4.80922       11.06876
 
 
